Conv Kernel:
0.999538 0.99927 0.995957 
0.999892 1.00007 0.995848 
0.999988 1.00005 0.995676 
Conv Bias:
-0.0147409
Conv Kernel:
0.899885 0.899121 0.895202 
0.899966 0.899411 0.894598 
0.899964 0.899547 0.897189 
Conv Bias:
-0.00732741
FC Weights:
0.0992653 0.093652 0.0748025 0.118032 0.168199 0.146882 0.0992999 0.0878709 0.0444952 0.101017 0.218094 0.169174 0.143342 0.112182 0.0732035 0.136784 0.235711 0.157342 0.0513031 0.138797 0.15798 0.0993862 0.286962 0.105874 -0.13316 -0.0983067 0.239376 0.182274 0.117683 0.236701 0.0211942 -0.126808 0.0390185 0.20649 0.102895 0.113311 0.214239 0.0902399 0.0722622 0.169201 0.0521499 0.0604333 0.0973998 0.12069 0.122785 0.137041 0.100475 0.076318 0.0983114 
0.0999998 0.090845 0.0747131 0.160905 0.202381 0.124763 0.0812398 0.0972315 0.00379553 -0.125741 0.155416 0.191627 0.00299798 0.0406557 0.0964533 0.00553045 -0.177024 0.314852 0.0589094 -0.226397 0.0481486 0.0954609 -0.0355176 -0.0546647 0.283618 0.00656988 -0.301584 0.0856129 0.0653008 -0.0892832 0.313342 0.466823 -0.00935714 -0.0686617 0.0726668 0.044103 -0.0676063 0.160152 0.349805 0.0957164 0.0727436 0.0796246 0.0727824 0.014506 -0.00588398 0.046693 0.115253 0.100019 0.0986623 
0.103747 0.137259 0.167467 0.12999 0.0637337 0.0118577 0.0671881 0.122864 0.227806 0.265825 0.174267 0.167462 0.0195226 0.0177514 0.117768 0.134449 0.000424303 -0.0537393 0.15222 0.172249 0.0637583 0.0883856 0.037174 -0.158835 -0.129346 0.141233 0.292085 0.2427 0.132776 0.3272 0.357513 0.145319 0.0982872 0.292065 0.327488 0.0936146 0.175699 0.207757 0.0631922 -0.0399751 0.222377 0.244672 0.0489103 -0.06225 -0.0337821 -0.000908871 0.0923507 0.181189 0.141482 
0.0942989 0.0788175 0.189665 0.215406 0.145947 0.0815261 0.0701377 0.0569413 0.009544 0.163787 0.27367 0.248335 0.143213 0.0442739 0.0531636 -0.0794135 -0.205219 0.024591 0.267728 0.101817 0.0529352 0.0834786 -0.0553954 0.035879 0.208319 0.195204 0.0701054 0.0448662 0.164645 0.0995646 -0.367577 -0.309844 0.154004 0.199953 0.0658349 0.197212 0.36653 0.042289 -0.0537825 0.345358 0.175516 0.0561974 0.140342 0.292238 0.272649 0.255819 0.191164 0.0264551 0.0587991 
0.106985 0.106869 0.082666 0.0596857 0.103459 0.194539 0.17004 0.158823 0.210102 0.0624818 -0.16585 -0.0209187 0.156354 0.122185 0.17959 0.154483 0.0901758 -0.0988584 0.000223697 0.0573641 0.0571939 0.148117 0.167936 0.23821 0.238663 0.300057 0.177918 0.0754811 0.104963 0.0243659 0.0444287 0.233646 0.400935 0.210196 0.0910657 0.0835048 -0.096742 -0.0602628 0.0725669 0.191539 0.16754 0.109032 0.0981147 0.0469202 0.105235 0.0935791 0.0562128 0.122755 0.106015 
0.0991014 0.102344 0.0970073 0.0112183 -0.0253684 0.0964287 0.140086 0.0966691 0.230379 0.187869 0.00181804 -0.00393639 0.225013 0.414884 0.0961472 0.131677 0.176791 0.17342 0.0189954 0.0815009 0.360431 0.102226 -0.062825 0.0118242 0.133015 0.00552593 -0.0944496 0.0568567 0.102442 0.0855185 0.114352 0.274024 0.169713 0.0818223 0.0617722 0.179694 0.232388 0.135816 0.148047 0.141776 0.14318 0.0953764 0.180655 0.17326 0.00845768 -0.0282495 0.0481013 0.093118 0.0998145 
0.0999999 0.0971649 0.106432 0.267882 0.327495 0.178196 0.0981378 0.0999973 0.0644741 0.132828 0.0905548 0.0805582 0.0457521 0.0887927 0.095574 0.03669 0.174653 0.0321611 -0.152665 0.0740406 0.093256 0.0902471 0.170557 0.291538 0.109472 0.112548 0.244054 0.0637183 0.0718024 0.139876 0.258152 0.0885619 0.0941148 0.1744 0.0529385 0.0706218 0.00532828 0.117977 0.113035 0.127399 0.0921096 0.0918947 0.0937671 0.00818418 -0.00707484 0.0475537 0.109313 0.104576 0.0999489 
0.0999901 0.0982264 0.0795854 0.0421939 -0.00277081 0.00230527 0.0640486 0.104565 0.0995186 -0.0152786 -0.035572 -0.0270574 -0.00694231 0.0440184 0.120133 0.305358 0.233289 0.116341 0.302937 0.231045 0.0800941 0.117201 0.25269 0.151169 0.062292 0.234988 0.260162 0.0829605 0.0923626 -0.0651692 0.010532 0.0625891 0.126011 0.0540198 0.0770205 0.0770784 -0.00849749 0.16161 0.0728765 -0.0461367 0.0650098 0.0997985 0.0865235 0.0815043 0.139053 0.0502204 0.0287572 0.0930018 0.0999911 
0.0999987 0.0996791 0.09112 0.0259212 0.0717995 0.162909 0.124205 0.0999875 0.106636 0.205038 0.0600995 0.078222 0.288905 0.0603857 0.0999835 0.117483 0.166959 0.0278225 0.0692189 0.221233 0.0252994 0.0954428 0.0959177 0.0984304 0.0676346 0.0453886 0.0419142 0.0891791 0.086659 0.247259 0.251158 0.10371 -0.0195596 0.00181787 0.0998915 0.0868776 0.288995 0.149024 0.0904629 0.033617 0.0358412 0.0999249 0.0956578 0.194489 0.15092 0.106289 0.0758255 0.0954554 0.0999952 
0.0966143 0.0951434 0.0365416 -0.0312331 -0.0548754 0.000593416 0.0856173 0.0750503 0.00324917 0.0221732 0.227502 0.116535 -0.0181586 0.0548714 0.0679835 0.0569599 0.30424 0.306067 0.231129 0.148351 0.0609032 0.0800554 0.142501 0.280576 0.159494 0.056792 0.0704192 0.0763516 0.0613668 -0.00603293 -0.00309507 0.0619774 -0.0531662 -0.152101 0.0484272 0.0539827 -0.110333 -0.00460275 0.0715346 -0.0184932 -0.0264667 0.0630465 0.0858469 0.130458 0.247641 0.291964 0.182548 0.107113 0.0969808 
FC Bias:
-0.00218976 0.00728719 -0.00118432 -0.00558588 0.00250794 0.00472003 0.000606795 0.00140599 -0.00748509 -8.28944e-05 